x0=15;
x1=20;

fx0 = 362.78;
fx1 = 517.35;

b0=fx0;

b1=(fx1-fx0)/(x1-x0);

ans=b0+b1(16-15)
